  0.000000    0.000000
  0.296296    0.558513
  0.592593    0.926569
  0.888889    0.978656
  1.185185    0.697012
  1.481481    0.177681
  1.777778   -0.402241
  2.074074   -0.844995
  2.370370   -0.999598
  2.666667   -0.813329
  2.962963   -0.349708
  3.259259    0.233167
  3.555556    0.736530
  3.851852    0.988730
  4.148148    0.903763
  4.444444    0.510606
  4.740741   -0.056673
  5.037037   -0.604626
  5.333333   -0.946396
  5.629630   -0.965436
  5.925926   -0.655254
  6.222222   -0.121624
  6.518519    0.453480
  6.814815    0.873944
  7.111111    0.996385
  7.407407    0.779050
  7.703704    0.296051
  8.000000   -0.287903
  8.296296   -0.773680
  8.592593   -0.995625
  8.888889   -0.878053
  9.185185   -0.461057
  9.481481    0.113164
  9.777778    0.648795
 10.074074    0.963181
 10.370370    0.949113
 10.666667    0.611389
 10.962963    0.065176
 11.259259   -0.503262
 11.555556   -0.900084
 11.851852   -0.989969
 12.148148   -0.742266
 12.444444   -0.241443
 12.740741    0.341714
 13.037037    0.808343
 13.333333    0.999320
 13.629630    0.849520
 13.925926    0.410026
 14.222222   -0.169291
 14.518519   -0.690878
 14.814815   -0.976869
 15.111111   -0.929739
 15.407407   -0.565560
 15.703704   -0.008519
 16.000000    0.551427
 16.296296    0.923331
 16.592593    0.980371
 16.888889    0.703096
 17.185185    0.186058
 17.481481   -0.394427
 17.777778   -0.840408
 18.074074   -0.999803
 18.370370   -0.818256
 18.666667   -0.357676
 18.962963    0.224874
 19.259259    0.730741
 19.555556    0.987418
 19.851852    0.907377
 20.148148    0.517912
 20.444444   -0.048166
 20.740741   -0.597818
 21.037037   -0.943610
 21.333333   -0.967621
 21.629630   -0.661666
 21.925926   -0.130076
 22.222222    0.445871
 22.518519    0.869772
 22.814815    0.997073
 23.111111    0.784362
 23.407407    0.304178
